0000000000000000
0000000000000002
0000000000000003
0000000000000005
0000000000000007
000000000000000b
0000000000000000
0000000000000000
0000000000000000
0000000000000000
0000000000000000
00000000000003fb
0000000000000000
0000000000000000
0000000000000000
0000000000000000
0000000000000000
0000000000000000
0000000000000000
0000000000000000
0000000000000000
0000000000000000
0000000000000000
0000000000000000
0000000000000000
0000000000000000
0000000000000000
0000000000000000
0000000000000000
0000000000000000
0000000000000000
0000000000000000
14